22
0 1053 7257 1416 2900 7020 472 4918 3128 4625 6338 2157 5214 2171 8076 8378 3599 8836 3853 1627 7319 4523
1053 0 8006 2165 3649 7769 1221 5667 3877 5374 7087 2906 5963 2920 8825 9127 4348 9585 4602 2376 8068 5272
7257 8006 0 7285 5955 2013 6971 3367 5095 3236 1955 5788 2717 6648 2215 2517 3998 2975 3768 6364 1458 3370
1416 2165 7285 0 2928 7048 1130 4946 3156 4653 6366 2185 5242 2199 8104 8406 3627 8864 3881 1655 7347 4551
2900 3649 5955 2928 0 5718 2614 3616 1826 3323 5036 1431 3912 2291 6774 7076 2297 7534 2551 2007 6017 3221
7020 7769 2013 7048 5718 0 6734 3130 4858 2999 1718 5551 2480 6411 2832 3134 3761 3592 3531 6127 2075 3133
472 1221 6971 1130 2614 6734 0 4632 2842 4339 6052 1871 4928 1885 7790 8092 3313 8550 3567 1341 7033 4237
4918 5667 3367 4946 3616 3130 4632 0 2756 897 2448 3449 1324 4309 4186 4488 1659 4946 1429 4025 3429 1031
3128 3877 5095 3156 1826 4858 2842 2756 0 2463 4176 1659 3052 2519 5914 6216 1437 6674 1691 2235 5157 2361
4625 5374 3236 4653 3323 2999 4339 897 2463 0 2317 3156 1193 4016 4055 4357 1366 4815 1136 3732 3298 738
6338 7087 1955 6366 5036 1718 6052 2448 4176 2317 0 4869 1798 5729 2774 3076 3079 3534 2849 5445 2017 2451
2157 2906 5788 2185 1431 5551 1871 3449 1659 3156 4869 0 3745 1548 6607 6909 2130 7367 2384 1264 5850 3054
5214 5963 2717 5242 3912 2480 4928 1324 3052 1193 1798 3745 0 4605 3536 3838 1955 4296 1725 4321 2779 1327
2171 2920 6648 2199 2291 6411 1885 4309 2519 4016 5729 1548 4605 0 7467 7769 2990 8227 3244 1278 6710 3914
8076 8825 2215 8104 6774 2832 7790 4186 5914 4055 2774 6607 3536 7467 0 780 4817 1122 4587 7183 1193 4189
8378 9127 2517 8406 7076 3134 8092 4488 6216 4357 3076 6909 3838 7769 780 0 5119 1540 4889 7485 1495 4491
3599 4348 3998 3627 2297 3761 3313 1659 1437 1366 3079 2130 1955 2990 4817 5119 0 5577 594 2706 4060 1264
8836 9585 2975 8864 7534 3592 8550 4946 6674 4815 3534 7367 4296 8227 1122 1540 5577 0 5347 7943 1953 4949
3853 4602 3768 3881 2551 3531 3567 1429 1691 1136 2849 2384 1725 3244 4587 4889 594 5347 0 2960 3830 1034
1627 2376 6364 1655 2007 6127 1341 4025 2235 3732 5445 1264 4321 1278 7183 7485 2706 7943 2960 0 6426 3630
7319 8068 1458 7347 6017 2075 7033 3429 5157 3298 2017 5850 2779 6710 1193 1495 4060 1953 3830 6426 0 3432
4523 5272 3370 4551 3221 3133 4237 1031 2361 738 2451 3054 1327 3914 4189 4491 1264 4949 1034 3630 3432 0
